hammer      brown       40  402 763     1165    1897    2639    3367    4103    4907
hammer      grey        80  442 803     1247    1977    2721    3453    4189    4989
hammer      pointy      121 482 843     1331    2057    2801    3533    4281    5071
pliers      red         161 522 883     1411    2141    2881    3619    4363    5151
pliers      red-blue    201 562 923     1493    2223    2961    3711    4448    5233
pliers      blue        241 602 963     1573    2307    3041    3791    4533    5315
screwdriver green       281 642 1003    1653    2389    3121    3873    4613    5397
screwdriver yellow      322 682 1043    1733    2471    3205    3955    4722    5479
screwdriver red         362 723 1083    1815    2559    3285    4037    4827    5561

